BP

T

Antione

A

B

C

80.10000 Benzene

4.01814

1203.835

110.60000 Toluene

4.54436

1738.123

PvapB

PvapT

Source

-53.226 https://webbook.nist.gov/cgi/inchi?ID=C71432&Mask=4&Type=ANTOINE&Plot=on
0.394 https://webbook.nist.gov/cgi/cbook.cgi?ID=C108883&Mask=4&Type=ANTOINE&Plot=on

Ratio

80.1

1.01316

0.42605

2.37800

81

1.04155

0.43847

2.37540

82

1.07381

0.45262

2.37245

83

1.10685

0.46713

2.36946

84

1.14069

0.48203

2.36641

85

1.17532

0.49732

2.36332

86

1.21077

0.51300

2.36017

87

1.24705

0.52908

2.35699

88

1.28416

0.54558

2.35375

89

1.32213

0.56250

2.35047

90

1.36097

0.57984

2.34715

91

1.40069

0.59762

2.34379

92

1.44130

0.61584

2.34039

93

1.48282

0.63451

2.33695

94

1.52525

0.65364

2.33347

95

1.56863

0.67324

2.32996

96

1.61294

0.69332

2.32641

97

1.65822

0.71388

2.32282

98

1.70447

0.73494

2.31920

99

1.75171

0.75650

2.31555

100

1.79996

0.77857

2.31187

101

1.84921

0.80117

2.30815

102

1.89950

0.82429

2.30441

103

1.95083

0.84795

2.30064

104

2.00322

0.87216

2.29684

105

2.05668

0.89693

2.29301

106

2.11122

0.92227

2.28916

107

2.16686

0.94818

2.28529

108

2.22362

0.97468

2.28139

109

2.28151

1.00178

2.27746

110

2.34053

1.02948

2.27352

110.6

2.37650

1.04639

2.27114

Average

2.32672

Range

0.10686

Answer to relative volatility - the range is quite small, only .106 between maximum and minimum ratios

